0.0017176 0.0000
0.0018511 0.0001
0.0019846 0.0004
0.0021181 0.0010
0.0022516 0.0023
0.0023850 0.0033
0.0025185 0.0030
0.0026520 0.0012
0.0027854 0.0015
0.0029190 0.0015
0.0030525 0.0022
0.0031860 0.0032
0.0033195 0.0038
0.0034530 0.0048
0.0035864 0.0060
0.0037199 0.0068
0.0038534 0.0082
0.0039869 0.0093
0.0041204 0.0099
0.0042539 0.0111
0.0043874 0.0122
0.0045209 0.0129
0.0046543 0.0133
0.0047878 0.0146
0.0049213 0.0152
0.0050548 0.0155
0.0051883 0.0158
0.0053218 0.0166
0.0054553 0.0168
0.0055888 0.0169
0.0057223 0.0176
0.0058557 0.0176
0.0059892 0.0181
0.0061227 0.0185
0.0062562 0.0183
0.0063897 0.0181
0.0065232 0.0185
0.0066567 0.0183
0.0067902 0.0186
0.0069237 0.0179
0.0070571 0.0177
0.0071906 0.0180
0.0073241 0.0179
0.0074576 0.0173
0.0075911 0.0170
0.0077246 0.0173
0.0078581 0.0170
0.0079916 0.0168
0.0081250 0.0168
0.0082585 0.0161
0.0083920 0.0157
0.0085255 0.0159
0.0086590 0.0153
0.0087925 0.0151
0.0089260 0.0146
0.0090595 0.0142
0.0091930 0.0138
0.0093264 0.0139
0.0094599 0.0138
0.0095934 0.0131
0.0097269 0.0129
0.0098604 0.0129
0.0099939 0.0121
0.0101274 0.0118
0.0102609 0.0119
0.0103944 0.0113
0.0105278 0.0107
0.0106613 0.0104
0.0107948 0.0105
0.0109283 0.0098
0.0110618 0.0096
0.0111953 0.0095
0.0113288 0.0087
0.0114623 0.0089
0.0115957 0.0082
0.0117292 0.0080
0.0118627 0.0078
0.0119962 0.0077
0.0121297 0.0070
0.0122632 0.0070
0.0123967 0.0066
0.0125302 0.0065
0.0126637 0.0060
0.0127971 0.0058
0.0129306 0.0053
0.0130641 0.0052
0.0131976 0.0050
0.0133312 0.0047
0.0134646 0.0041
0.0135981 0.0039
0.0137316 0.0036
0.0138650 0.0034
0.0139985 0.0030
0.0141320 0.0027
0.0142655 0.0023
0.0143990 0.0019
0.0145325 0.0016
0.0146660 0.0013
0.0147995 0.0010
0.0149330 0.0006
